eval_accuracy = 0.42990196078431375
eval_loss = 1.0750736297345629
global_step = 2040
loss = 0.35276764623479906
