eval_accuracy = 0.45124938755512006
eval_loss = 1.0817303736694157
global_step = 2040
loss = 0.35276764623479906
